camera_matrix:
- [643.241165916565, 0.0, 329.5845019715173]
- [0.0, 641.257973651245, 240.1808141116588]
- [0.0, 0.0, 1.0]
distortion_coefficients:
- [-0.04015927219932327, 0.37684068396903136, 0.0010001367331603998, 0.00467550359260726, -0.5077165248559568]
image_width: 
- 640
image_height: 
- 480
